<Qucs Dataset 0.0.19>
<indep time 200>
  +0.00000000000000000000e+000
  +2.51256281407035180939e-005
  +5.02512562814070361879e-005
  +7.53768844221105576700e-005
  +1.00502512562814072376e-004
  +1.25628140703517600634e-004
  +1.50753768844221115340e-004
  +1.75879396984924630046e-004
  +2.01005025125628144752e-004
  +2.26130653266331659457e-004
  +2.51256281407035201268e-004
  +2.76381909547738688869e-004
  +3.01507537688442230680e-004
  +3.26633165829145718281e-004
  +3.51758793969849260092e-004
  +3.76884422110552747692e-004
  +4.02010050251256289503e-004
  +4.27135678391959831314e-004
  +4.52261306532663318915e-004
  +4.77386934673366860726e-004
  +5.02512562814070402537e-004
  +5.27638190954773890137e-004
  +5.52763819095477377738e-004
  +5.77889447236180865339e-004
  +6.03015075376884461360e-004
  +6.28140703517587948961e-004
  +6.53266331658291436561e-004
  +6.78391959798995032582e-004
  +7.03517587939698520183e-004
  +7.28643216080402007784e-004
  +7.53768844221105495385e-004
  +7.78894472361809091406e-004
  +8.04020100502512579006e-004
  +8.29145728643216066607e-004
  +8.54271356783919662628e-004
  +8.79396984924623150229e-004
  +9.04522613065326637830e-004
  +9.29648241206030125430e-004
  +9.54773869346733721451e-004
  +9.79899497487437100632e-004
  +1.00502512562814080507e-003
  +1.03015075376884429267e-003
  +1.05527638190954778027e-003
  +1.08040201005025126788e-003
  +1.10552763819095475548e-003
  +1.13065326633165824308e-003
  +1.15577889447236173068e-003
  +1.18090452261306543512e-003
  +1.20603015075376892272e-003
  +1.23115577889447241032e-003
  +1.25628140703517589792e-003
  +1.28140703517587938552e-003
  +1.30653266331658287312e-003
  +1.33165829145728636072e-003
  +1.35678391959799006516e-003
  +1.38190954773869355277e-003
  +1.40703517587939704037e-003
  +1.43216080402010052797e-003
  +1.45728643216080401557e-003
  +1.48241206030150750317e-003
  +1.50753768844221099077e-003
  +1.53266331658291469521e-003
  +1.55778894472361818281e-003
  +1.58291457286432167041e-003
  +1.60804020100502515801e-003
  +1.63316582914572864561e-003
  +1.65829145728643213321e-003
  +1.68341708542713562081e-003
  +1.70854271356783932526e-003
  +1.73366834170854281286e-003
  +1.75879396984924630046e-003
  +1.78391959798994978806e-003
  +1.80904522613065327566e-003
  +1.83417085427135676326e-003
  +1.85929648241206025086e-003
  +1.88442211055276395530e-003
  +1.90954773869346744290e-003
  +1.93467336683417093050e-003
  +1.95979899497487420126e-003
  +1.98492462311557812255e-003
  +2.01005025125628161015e-003
  +2.03517587939698509775e-003
  +2.06030150753768858535e-003
  +2.08542713567839207295e-003
  +2.11055276381909556055e-003
  +2.13567839195979904815e-003
  +2.16080402010050253575e-003
  +2.18592964824120602335e-003
  +2.21105527638190951095e-003
  +2.23618090452261299855e-003
  +2.26130653266331648615e-003
  +2.28643216080401997375e-003
  +2.31155778894472346136e-003
  +2.33668341708542738264e-003
  +2.36180904522613087024e-003
  +2.38693467336683435784e-003
  +2.41206030150753784544e-003
  +2.43718592964824133304e-003
  +2.46231155778894482064e-003
  +2.48743718592964830824e-003
  +2.51256281407035179584e-003
  +2.53768844221105528344e-003
  +2.56281407035175877104e-003
  +2.58793969849246225864e-003
  +2.61306532663316574625e-003
  +2.63819095477386923385e-003
  +2.66331658291457272145e-003
  +2.68844221105527664273e-003
  +2.71356783919598013033e-003
  +2.73869346733668361793e-003
  +2.76381909547738710553e-003
  +2.78894472361809059313e-003
  +2.81407035175879408073e-003
  +2.83919597989949756833e-003
  +2.86432160804020105593e-003
  +2.88944723618090454353e-003
  +2.91457286432160803114e-003
  +2.93969849246231151874e-003
  +2.96482412060301500634e-003
  +2.98994974874371849394e-003
  +3.01507537688442198154e-003
  +3.04020100502512590282e-003
  +3.06532663316582939042e-003
  +3.09045226130653287802e-003
  +3.11557788944723636562e-003
  +3.14070351758793985322e-003
  +3.16582914572864334082e-003
  +3.19095477386934682842e-003
  +3.21608040201005031603e-003
  +3.24120603015075380363e-003
  +3.26633165829145729123e-003
  +3.29145728643216077883e-003
  +3.31658291457286426643e-003
  +3.34170854271356775403e-003
  +3.36683417085427124163e-003
  +3.39195979899497472923e-003
  +3.41708542713567865051e-003
  +3.44221105527638213811e-003
  +3.46733668341708562571e-003
  +3.49246231155778911331e-003
  +3.51758793969849260092e-003
  +3.54271356783919608852e-003
  +3.56783919597989957612e-003
  +3.59296482412060306372e-003
  +3.61809045226130655132e-003
  +3.64321608040201003892e-003
  +3.66834170854271352652e-003
  +3.69346733668341701412e-003
  +3.71859296482412050172e-003
  +3.74371859296482398932e-003
  +3.76884422110552791060e-003
  +3.79396984924623139820e-003
  +3.81909547738693488581e-003
  +3.84422110552763837341e-003
  +3.86934673366834186101e-003
  +3.89447236180904534861e-003
  +3.91959798994974840253e-003
  +3.94472361809045275749e-003
  +3.96984924623115624509e-003
  +3.99497487437185973269e-003
  +4.02010050251256322029e-003
  +4.04522613065326670789e-003
  +4.07035175879397019549e-003
  +4.09547738693467368309e-003
  +4.12060301507537717070e-003
  +4.14572864321608065830e-003
  +4.17085427135678414590e-003
  +4.19597989949748763350e-003
  +4.22110552763819112110e-003
  +4.24623115577889460870e-003
  +4.27135678391959809630e-003
  +4.29648241206030158390e-003
  +4.32160804020100507150e-003
  +4.34673366834170855910e-003
  +4.37185929648241204670e-003
  +4.39698492462311553430e-003
  +4.42211055276381902190e-003
  +4.44723618090452250950e-003
  +4.47236180904522599711e-003
  +4.49748743718592948471e-003
  +4.52261306532663297231e-003
  +4.54773869346733645991e-003
  +4.57286432160803994751e-003
  +4.59798994974874343511e-003
  +4.62311557788944692271e-003
  +4.64824120603015127767e-003
  +4.67336683417085476527e-003
  +4.69849246231155825287e-003
  +4.72361809045226174048e-003
  +4.74874371859296522808e-003
  +4.77386934673366871568e-003
  +4.79899497487437220328e-003
  +4.82412060301507569088e-003
  +4.84924623115577917848e-003
  +4.87437185929648266608e-003
  +4.89949748743718615368e-003
  +4.92462311557788964128e-003
  +4.94974874371859312888e-003
  +4.97487437185929661648e-003
  +5.00000000000000010408e-003
</indep>
<dep VCC.It time>
  -3.97103793301957665982e-006
  -4.33905419895977499103e-005
  -4.33906328635722058750e-005
  -4.33907357087633704690e-005
  -4.33907056566347246293e-005
  -4.33907736391776324204e-005
  -4.33907297405707148932e-005
  -4.33907892923955713807e-005
  -4.33907416139474270554e-005
  -4.33907974912842286778e-005
  -4.33907485646251381284e-005
  -4.33908022661947236163e-005
  -4.33907530092467023670e-005
  -4.33908051537630344336e-005
  -4.33907559690673369371e-005
  -4.33908068551971804589e-005
  -4.33907579371717950969e-005
  -4.33908077219301692787e-005
  -4.33907591650303420846e-005
  -4.33908079314557627686e-005
  -4.33907597732751198713e-005
  -4.33908075578275036319e-005
  -4.33907597958200605035e-005
  -4.33908065972519107686e-005
  -4.33907591911520927890e-005
  -4.33908049668586958563e-005
  -4.33907578283888376827e-005
  -4.33908024758322270992e-005
  -4.33907554386576364011e-005
  -4.33907987482237477795e-005
  -4.33907514937631968066e-005
  -4.33907930295589008298e-005
  -4.33907448888547092624e-005
  -4.33907836439734591284e-005
  -4.33907329611098795618e-005
  -4.33907660871551959219e-005
  -4.33907074024762805329e-005
  -4.33907229384468550609e-005
  -4.33906229138735074699e-005
  -4.33904624302087319507e-005
  -1.98408409090933081672e-012
  -1.98408409090369968776e-012
  -1.98408409090357932652e-012
  -1.98408409090200655245e-012
  -1.98408409090200049400e-012
  -1.98408409090199807062e-012
  -1.98408409090199847451e-012
  -1.98408409090199887841e-012
  -1.98408409090200130179e-012
  -1.98408409090200291738e-012
  -1.98408409090200453296e-012
  -1.98408409090200695634e-012
  -1.98408409090200897583e-012
  -1.98408409090201099531e-012
  -1.98408409090201341869e-012
  -1.98408409090201543818e-012
  -1.98408409090201826545e-012
  -1.98408409090202028494e-012
  -1.98408409090202270832e-012
  -1.98408409090202472780e-012
  -1.98408409090202715118e-012
  -1.98408409090202957456e-012
  -1.98408409090203199795e-012
  -1.98408409090203442133e-012
  -1.98408409090203684471e-012
  -1.98408409090203886419e-012
  -1.98408409090204088367e-012
  -1.98408409090204290316e-012
  -1.98408409090204492264e-012
  -1.98408409090204694213e-012
  -1.98408409090204896161e-012
  -1.98408409090205098109e-012
  -1.98408409090205219278e-012
  -1.98408409090205340447e-012
  -1.98408409090205340447e-012
  -1.98408409090205219278e-012
  -1.98408409090204734602e-012
  -1.98408409090203361353e-012
  -1.98408409090197989526e-012
  -1.98408409090150450875e-012
  -4.33901015902973821400e-005
  -4.33906223922205284103e-005
  -4.33907089518361911923e-005
  -4.33907443730149850825e-005
  -4.33907635191657889179e-005
  -4.33907754279845889840e-005
  -4.33907834876371572598e-005
  -4.33907892539129469043e-005
  -4.33907935408302781696e-005
  -4.33907968150916198273e-005
  -4.33907993629462269709e-005
  -4.33908013692045862846e-005
  -4.33908029579910346080e-005
  -4.33908042152147908617e-005
  -4.33908052016380955539e-005
  -4.33908059608045475869e-005
  -4.33908065240085449150e-005
  -4.33908069134788138303e-005
  -4.33908071444331821446e-005
  -4.33908072263828337449e-005
  -4.33908071639035287036e-005
  -4.33908069569946707096e-005
  -4.33908066010792731865e-005
  -4.33908060866449257439e-005
  -4.33908053984724656461e-005
  -4.33908045143317368090e-005
  -4.33908034029267081991e-005
  -4.33908020207119377704e-005
  -4.33908003069228743087e-005
  -4.33907981756472970088e-005
  -4.33907955027567558389e-005
  -4.33907921034345163999e-005
  -4.33907876914214912399e-005
  -4.33907817999977152745e-005
  -4.33907736151108175274e-005
  -4.33907615808961350900e-005
  -4.33907423089906050693e-005
  -4.33907067610281906847e-005
  -4.33906200699971618460e-005
  -4.33900986703185346659e-005
  -1.98408409090401109218e-012
  -1.98408409090345977307e-012
  -1.98408409090217336182e-012
  -1.98408409090337980151e-012
  -1.98408409090215962933e-012
  -1.98408409090336001057e-012
  -1.98408409090216366830e-012
  -1.98408409090334748977e-012
  -1.98408409090217053454e-012
  -1.98408409090333658456e-012
  -1.98408409090217861248e-012
  -1.98408409090332689103e-012
  -1.98408409090218628652e-012
  -1.98408409090331800530e-012
  -1.98408409090219476835e-012
  -1.98408409090330831178e-012
  -1.98408409090220325018e-012
  -1.98408409090329982995e-012
  -1.98408409090221132812e-012
  -1.98408409090329134812e-012
  -1.98408409090221940605e-012
  -1.98408409090328327018e-012
  -1.98408409090222788789e-012
  -1.98408409090327438445e-012
  -1.98408409090223515803e-012
  -1.98408409090326590262e-012
  -1.98408409090224283207e-012
  -1.98408409090325742079e-012
  -1.98408409090225010221e-012
  -1.98408409090324893895e-012
  -1.98408409090225696845e-012
  -1.98408409090324005322e-012
  -1.98408409090226302691e-012
  -1.98408409090322995580e-012
  -1.98408409090226585418e-012
  -1.98408409090321541552e-012
  -1.98408409090225979573e-012
  -1.98408409090317381415e-012
  -1.98408409090212974097e-012
  -1.98408409089878587950e-012
  -4.33904163829798968305e-005
  -4.33906689754844741434e-005
  -4.33907265564717207671e-005
  -4.33907536318376975100e-005
  -4.33907692638028005534e-005
  -4.33907793672443146916e-005
  -4.33907863767448183216e-005
  -4.33907914774569005746e-005
  -4.33907953149086599281e-005
  -4.33907982702138296190e-005
  -4.33908005823638873513e-005
  -4.33908024083106772244e-005
  -4.33908038548545235734e-005
  -4.33908049966314228376e-005
  -4.33908058867652214846e-005
  -4.33908065634227972131e-005
  -4.33908070539643984215e-005
  -4.33908073776161957872e-005
  -4.33908075471903283550e-005
  -4.33908075701562240332e-005
  -4.33908074492366803952e-005
  -4.33908071826201785699e-005
  -4.33908067638197946577e-005
  -4.33908061811593556635e-005
  -4.33908054168075644390e-005
  -4.33908044452069907343e-005
  -4.33908032306250956598e-005
  -4.33908017233568677872e-005
  -4.33907998537536948808e-005
  -4.33907975225834174502e-005
  -4.33907945848889775283e-005
  -4.33907908216755563622e-005
  -4.33907858872698958680e-005
  -4.33907792039828611817e-005
  -4.33907697303128098870e-005
  -4.33907553813944551167e-005
  -4.33907312902728675209e-005
  -4.33906828528464344496e-005
  -4.33905370413651913478e-005
  -3.96886308280540714210e-006
</dep>
<dep V1.It time>
  +0.00000000000000000000e+000
  +0.00000000000000000000e+000
  +0.00000000000000000000e+000
  +0.00000000000000000000e+000
  +0.00000000000000000000e+000
  +0.00000000000000000000e+000
  +0.00000000000000000000e+000
  +0.00000000000000000000e+000
  +0.00000000000000000000e+000
  +0.00000000000000000000e+000
  +0.00000000000000000000e+000
  +0.00000000000000000000e+000
  +0.00000000000000000000e+000
  +0.00000000000000000000e+000
  +0.00000000000000000000e+000
  +0.00000000000000000000e+000
  +0.00000000000000000000e+000
  +0.00000000000000000000e+000
  +0.00000000000000000000e+000
  +0.00000000000000000000e+000
  +0.00000000000000000000e+000
  +0.00000000000000000000e+000
  +0.00000000000000000000e+000
  +0.00000000000000000000e+000
  +0.00000000000000000000e+000
  +0.00000000000000000000e+000
  +0.00000000000000000000e+000
  +0.00000000000000000000e+000
  +0.00000000000000000000e+000
  +0.00000000000000000000e+000
  +0.00000000000000000000e+000
  +0.00000000000000000000e+000
  +0.00000000000000000000e+000
  +0.00000000000000000000e+000
  +0.00000000000000000000e+000
  +0.00000000000000000000e+000
  +0.00000000000000000000e+000
  +0.00000000000000000000e+000
  +0.00000000000000000000e+000
  +0.00000000000000000000e+000
  +0.00000000000000000000e+000
  +0.00000000000000000000e+000
  +0.00000000000000000000e+000
  +0.00000000000000000000e+000
  +0.00000000000000000000e+000
  +0.00000000000000000000e+000
  +0.00000000000000000000e+000
  +0.00000000000000000000e+000
  +0.00000000000000000000e+000
  +0.00000000000000000000e+000
  +0.00000000000000000000e+000
  +0.00000000000000000000e+000
  +0.00000000000000000000e+000
  +0.00000000000000000000e+000
  +0.00000000000000000000e+000
  +0.00000000000000000000e+000
  +0.00000000000000000000e+000
  +0.00000000000000000000e+000
  +0.00000000000000000000e+000
  +0.00000000000000000000e+000
  +0.00000000000000000000e+000
  +0.00000000000000000000e+000
  +0.00000000000000000000e+000
  +0.00000000000000000000e+000
  +0.00000000000000000000e+000
  +0.00000000000000000000e+000
  +0.00000000000000000000e+000
  +0.00000000000000000000e+000
  +0.00000000000000000000e+000
  +0.00000000000000000000e+000
  +0.00000000000000000000e+000
  +0.00000000000000000000e+000
  +0.00000000000000000000e+000
  +0.00000000000000000000e+000
  +0.00000000000000000000e+000
  +0.00000000000000000000e+000
  +0.00000000000000000000e+000
  +0.00000000000000000000e+000
  +0.00000000000000000000e+000
  +0.00000000000000000000e+000
  +0.00000000000000000000e+000
  +0.00000000000000000000e+000
  +0.00000000000000000000e+000
  +0.00000000000000000000e+000
  +0.00000000000000000000e+000
  +0.00000000000000000000e+000
  +0.00000000000000000000e+000
  +0.00000000000000000000e+000
  +0.00000000000000000000e+000
  +0.00000000000000000000e+000
  +0.00000000000000000000e+000
  +0.00000000000000000000e+000
  +0.00000000000000000000e+000
  +0.00000000000000000000e+000
  +0.00000000000000000000e+000
  +0.00000000000000000000e+000
  +0.00000000000000000000e+000
  +0.00000000000000000000e+000
  +0.00000000000000000000e+000
  +0.00000000000000000000e+000
  +0.00000000000000000000e+000
  +0.00000000000000000000e+000
  +0.00000000000000000000e+000
  +0.00000000000000000000e+000
  +0.00000000000000000000e+000
  +0.00000000000000000000e+000
  +0.00000000000000000000e+000
  +0.00000000000000000000e+000
  +0.00000000000000000000e+000
  +0.00000000000000000000e+000
  +0.00000000000000000000e+000
  +0.00000000000000000000e+000
  +0.00000000000000000000e+000
  +0.00000000000000000000e+000
  +0.00000000000000000000e+000
  +0.00000000000000000000e+000
  +0.00000000000000000000e+000
  +0.00000000000000000000e+000
  +0.00000000000000000000e+000
  +0.00000000000000000000e+000
  +0.00000000000000000000e+000
  +0.00000000000000000000e+000
  +0.00000000000000000000e+000
  +0.00000000000000000000e+000
  +0.00000000000000000000e+000
  +0.00000000000000000000e+000
  +0.00000000000000000000e+000
  +0.00000000000000000000e+000
  +0.00000000000000000000e+000
  +0.00000000000000000000e+000
  +0.00000000000000000000e+000
  +0.00000000000000000000e+000
  +0.00000000000000000000e+000
  +0.00000000000000000000e+000
  +0.00000000000000000000e+000
  +0.00000000000000000000e+000
  +0.00000000000000000000e+000
  +0.00000000000000000000e+000
  +0.00000000000000000000e+000
  +0.00000000000000000000e+000
  +0.00000000000000000000e+000
  +0.00000000000000000000e+000
  +0.00000000000000000000e+000
  +0.00000000000000000000e+000
  +0.00000000000000000000e+000
  +0.00000000000000000000e+000
  +0.00000000000000000000e+000
  +0.00000000000000000000e+000
  +0.00000000000000000000e+000
  +0.00000000000000000000e+000
  +0.00000000000000000000e+000
  +0.00000000000000000000e+000
  +0.00000000000000000000e+000
  +0.00000000000000000000e+000
  +0.00000000000000000000e+000
  +0.00000000000000000000e+000
  +0.00000000000000000000e+000
  +0.00000000000000000000e+000
  +0.00000000000000000000e+000
  +0.00000000000000000000e+000
  +0.00000000000000000000e+000
  +0.00000000000000000000e+000
  +0.00000000000000000000e+000
  +0.00000000000000000000e+000
  +0.00000000000000000000e+000
  +0.00000000000000000000e+000
  +0.00000000000000000000e+000
  +0.00000000000000000000e+000
  +0.00000000000000000000e+000
  +0.00000000000000000000e+000
  +0.00000000000000000000e+000
  +0.00000000000000000000e+000
  +0.00000000000000000000e+000
  +0.00000000000000000000e+000
  +0.00000000000000000000e+000
  +0.00000000000000000000e+000
  +0.00000000000000000000e+000
  +0.00000000000000000000e+000
  +0.00000000000000000000e+000
  +0.00000000000000000000e+000
  +0.00000000000000000000e+000
  +0.00000000000000000000e+000
  +0.00000000000000000000e+000
  +0.00000000000000000000e+000
  +0.00000000000000000000e+000
  +0.00000000000000000000e+000
  +0.00000000000000000000e+000
  +0.00000000000000000000e+000
  +0.00000000000000000000e+000
  +0.00000000000000000000e+000
  +0.00000000000000000000e+000
  +0.00000000000000000000e+000
  +0.00000000000000000000e+000
  +0.00000000000000000000e+000
  +0.00000000000000000000e+000
  +0.00000000000000000000e+000
  +0.00000000000000000000e+000
  +0.00000000000000000000e+000
  +0.00000000000000000000e+000
  +0.00000000000000000000e+000
</dep>
<dep V2.It time>
  +1.27294762437449998095e-013
  -2.78902537887003522848e-009
  +2.78902556325601481742e-009
  -2.78902584470256635890e-009
  +2.78902609053545178337e-009
  -2.78902635192976760725e-009
  +2.78902660086438800930e-009
  -2.78902685514172993752e-009
  +2.78902710251281313213e-009
  -2.78902735190229270839e-009
  +2.78902759660796215493e-009
  -2.78902784183069351697e-009
  +2.78902808350547145590e-009
  -2.78902832488334325371e-009
  +2.78902856339315901057e-009
  -2.78902880110391250544e-009
  +2.78902903640706707838e-009
  -2.78902927056465508510e-009
  +2.78902950266328632241e-009
  -2.78902973334817200787e-009
  +2.78902996226901231899e-009
  -2.78903018954039534528e-009
  +2.78903041532733493352e-009
  -2.78903063922711158507e-009
  +2.78903086194012807588e-009
  -2.78903108249127122624e-009
  +2.78903130221102796423e-009
  -2.78903151940930906613e-009
  +2.78903173625058232437e-009
  -2.78903195004349443406e-009
  +2.78903216418844344551e-009
  -2.78903237442158048035e-009
  +2.78903258620928064016e-009
  -2.78903279246969046373e-009
  +2.78903300268779100939e-009
  -2.78903320371484209634e-009
  +2.78903341493090213665e-009
  -2.78903360506203613234e-009
  +2.78903383426953547115e-009
  -2.78903391250984597271e-009
  +8.12726740080645125574e-009
  +8.12726460935785015320e-009
  +8.12726455497470361658e-009
  -8.12726451945815718887e-009
  -8.12726452402761208045e-009
  -8.12726452625397035350e-009
  -8.12726452750341674260e-009
  -8.12726452827470476116e-009
  -8.12726452878495608510e-009
  -8.12726452914095807713e-009
  -8.12726452940020971599e-009
  -8.12726452959592892073e-009
  -8.12726452974842132101e-009
  -8.12726452987070673969e-009
  -8.12726452997148877116e-009
  -8.12726453005681741443e-009
  -8.12726453013104860260e-009
  -8.12726453019746458834e-009
  -8.12726453025864286645e-009
  -8.12726453031672252598e-009
  -8.12726453037359615617e-009
  -8.12726453043106866513e-009
  -8.12726453049098135690e-009
  -8.12726453055537240450e-009
  -8.12726453062664890353e-009
  -8.12726453070781682831e-009
  -8.12726453080281686731e-009
  -8.12726453091704389245e-009
  -8.12726453105815759623e-009
  -8.12726453123747711814e-009
  -8.12726453147238317722e-009
  -8.12726453179084440433e-009
  -8.12726453224029629888e-009
  -8.12726453290659028229e-009
  -8.12726453395853737397e-009
  -8.12726453576651100192e-009
  -8.12726453927805648396e-009
  -8.12726454755435254586e-009
  -8.12726457545386255116e-009
  -8.12726481647479971079e-009
  +1.18199575814866447373e-008
  +1.18199573500460422947e-008
  +1.18199572831197274727e-008
  +1.18199572019746808467e-008
  +1.18199571178712194512e-008
  +1.18199570329092901637e-008
  +1.18199569477069937706e-008
  +1.18199568624982701842e-008
  +1.18199567773871919604e-008
  +1.18199566924255819646e-008
  +1.18199566076414601128e-008
  +1.18199565230509415377e-008
  +1.18199564386637356854e-008
  +1.18199563544859090984e-008
  +1.18199562705213478714e-008
  +1.18199561867725914487e-008
  +1.18199561032413272788e-008
  +1.18199560199286803274e-008
  +1.18199559368354331073e-008
  +1.18199558539621414839e-008
  +1.18199557713092471716e-008
  +1.18199556888771521802e-008
  +1.18199556066662998786e-008
  +1.18199555246772593669e-008
  +1.18199554429108230842e-008
  +1.18199553613681408116e-008
  +1.18199552800509297760e-008
  +1.18199551989617658178e-008
  +1.18199551181045945886e-008
  +1.18199550374855554229e-008
  +1.18199549571144868068e-008
  +1.18199548770076957790e-008
  +1.18199547971935562888e-008
  +1.18199547177245926508e-008
  +1.18199546387064374835e-008
  +1.18199545603770938103e-008
  +1.18199544833676673513e-008
  +1.18199544098350001209e-008
  +1.18199543514683403514e-008
  +1.18199545363654600698e-008
  -1.60265744460682577041e-008
  -1.60265747184467036413e-008
  +1.60265747798066173734e-008
  -1.60265747540046835459e-008
  +1.60265747681989804346e-008
  -1.60265747592560628258e-008
  +1.60265747653731792609e-008
  -1.60265747609589431569e-008
  +1.60265747642685060226e-008
  -1.60265747617228775398e-008
  +1.60265747637199893235e-008
  -1.60265747621366961479e-008
  +1.60265747634021766060e-008
  -1.60265747623930394198e-008
  +1.60265747631945675071e-008
  -1.60265747625708733253e-008
  +1.60265747630432232336e-008
  -1.60265747627085625013e-008
  +1.60265747629196920809e-008
  -1.60265747628282025964e-008
  +1.60265747628058587937e-008
  -1.60265747629456258474e-008
  +1.60265747626868473559e-008
  -1.60265747630759464986e-008
  +1.60265747625460876854e-008
  -1.60265747632386429989e-008
  +1.60265747623592672897e-008
  -1.60265747634656213590e-008
  +1.60265747620826018446e-008
  -1.60265747638194495204e-008
  +1.60265747616230070614e-008
  -1.60265747644447914460e-008
  +1.60265747607442434658e-008
  -1.60265747657513000625e-008
  +1.60265747586797727104e-008
  -1.60265747693271025889e-008
  +1.60265747516193527397e-008
  -1.60265747867598645153e-008
  +1.60265746825293269955e-008
  -1.60265769974460461140e-008
  +1.21337496468289635135e-008
  -1.21337499976594852201e-008
  -1.21337500746467415843e-008
  -1.21337501587207669306e-008
  -1.21337502445615094445e-008
  -1.21337503309302181824e-008
  -1.21337504174175628181e-008
  -1.21337505038569971527e-008
  -1.21337505901706735644e-008
  -1.21337506763184076191e-008
  -1.21337507622779034905e-008
  -1.21337508480360586378e-008
  -1.21337509335848725699e-008
  -1.21337510189192862504e-008
  -1.21337511040360405876e-008
  -1.21337511889329948380e-008
  -1.21337512736087196336e-008
  -1.21337513580622504818e-008
  -1.21337514422929206750e-008
  -1.21337515263002388679e-008
  -1.21337516100837964333e-008
  -1.21337516936432029420e-008
  -1.21337517769779753204e-008
  -1.21337518600874799483e-008
  -1.21337519429707953464e-008
  -1.21337520256265996801e-008
  -1.21337521080528779374e-008
  -1.21337521902465927111e-008
  -1.21337522722030489241e-008
  -1.21337523539148763971e-008
  -1.21337524353701041723e-008
  -1.21337525165485126467e-008
  -1.21337525974141326987e-008
  -1.21337526778983199179e-008
  -1.21337527578572127066e-008
  -1.21337528369475046407e-008
  -1.21337529141762630022e-008
  -1.21337529856121613831e-008
  -1.21337530218501251102e-008
  -1.20773265605007835005e-008
</dep>
<dep Vo.Vt time>
  +1.98384368426780879902e-002
  +2.16951911203743019740e-001
  +2.16953956996070951302e-001
  +2.16952891419764565262e-001
  +2.16954309719700200176e-001
  +2.16953092307386380400e-001
  +2.16954419014840416136e-001
  +2.16953181634289476998e-001
  +2.16954467409268797473e-001
  +2.16953233528668326668e-001
  +2.16954491344695549193e-001
  +2.16953268146726413468e-001
  +2.16954502903264206948e-001
  +2.16953293174514838526e-001
  +2.16954507189453416061e-001
  +2.16953312120509556049e-001
  +2.16954506666691360195e-001
  +2.16953326744143137894e-001
  +2.16954502590280207119e-001
  +2.16953337935068074627e-001
  +2.16954495561327453945e-001
  +2.16953346065683866373e-001
  +2.16954485747367115112e-001
  +2.16953351119119675072e-001
  +2.16954472938828607509e-001
  +2.16953352683098038556e-001
  +2.16954456479337504105e-001
  +2.16953349805609679857e-001
  +2.16954435022634756214e-001
  +2.16953340609009864837e-001
  +2.16954405925969096014e-001
  +2.16953321323148984323e-001
  +2.16954363663596133671e-001
  +2.16953283571358040982e-001
  +2.16954294920813556269e-001
  +2.16953204836514368381e-001
  +2.16954158161049903697e-001
  +2.16952998031687938063e-001
  +2.16953726938306279415e-001
  +2.16951704703560316334e-001
  +9.90384488028015389323e-009
  +9.91803656613582125063e-009
  +9.91833913771391410851e-009
  +9.92230193541995958500e-009
  +9.92231834285408016897e-009
  +9.92232305518528657499e-009
  +9.92232290405892874913e-009
  +9.92232038338294139087e-009
  +9.92231657871823709478e-009
  +9.92231202397718130754e-009
  +9.92230700657719564625e-009
  +9.92230169252730295070e-009
  +9.92229618329682748356e-009
  +9.92229054391722835047e-009
  +9.92228481781346938974e-009
  +9.92227903519197303652e-009
  +9.92227321773871503440e-009
  +9.92226738181990551721e-009
  +9.92226154023083907542e-009
  +9.92225570361799690016e-009
  +9.92224988136689613061e-009
  +9.92224408241879505130e-009
  +9.92223831593819310483e-009
  +9.92223259204540851212e-009
  +9.92222692267009135262e-009
  +9.92222132281348132669e-009
  +9.92221581209523550109e-009
  +9.92221041739916053517e-009
  +9.92220517698735593040e-009
  +9.92220014734830997283e-009
  +9.92219541532277525178e-009
  +9.92219112065799122471e-009
  +9.92218750039645078120e-009
  +9.92218498364987408067e-009
  +9.92218441419322518599e-009
  +9.92218764328979559789e-009
  +9.92219940716340409891e-009
  +9.92223500599046341240e-009
  +9.92236869786111724702e-009
  +9.92356733068575153113e-009
  +2.16949779839091694278e-001
  +2.16952398263145967983e-001
  +2.16952833052601434805e-001
  +2.16953012079041274163e-001
  +2.16953109710747021888e-001
  +2.16953171145792239605e-001
  +2.16953213327840233049e-001
  +2.16953244036921177873e-001
  +2.16953267343617306473e-001
  +2.16953285581693383621e-001
  +2.16953300182539277063e-001
  +2.16953312070296971958e-001
  +2.16953321865648557365e-001
  +2.16953329998183425120e-001
  +2.16953336771746663203e-001
  +2.16953342404083426853e-001
  +2.16953347051689227065e-001
  +2.16953350825728641382e-001
  +2.16953353802310122678e-001
  +2.16953356029007726757e-001
  +2.16953357528717805103e-001
  +2.16953358301454873880e-001
  +2.16953358324351641695e-001
  +2.16953357549863973253e-001
  +2.16953355901915306836e-001
  +2.16953353269375370793e-001
  +2.16953349495787289891e-001
  +2.16953344363450789656e-001
  +2.16953337568576654082e-001
  +2.16953328681646795406e-001
  +2.16953317082079155664e-001
  +2.16953301845879437115e-001
  +2.16953281541896719764e-001
  +2.16953253836785653341e-001
  +2.16953214660780963063e-001
  +2.16953156235659166962e-001
  +2.16953061622496140570e-001
  +2.16952885639306425336e-001
  +2.16952454004313705083e-001
  +2.16949849928821852929e-001
  +9.91725079919924046716e-009
  +9.91864009029812310353e-009
  +9.92188191565352440095e-009
  +9.91884189594301516978e-009
  +9.92191618668838178124e-009
  +9.91889175177055073601e-009
  +9.92190690451098269394e-009
  +9.91892349909638602547e-009
  +9.92188937567150207543e-009
  +9.91895019375411141621e-009
  +9.92186942032453819786e-009
  +9.91897478579387236453e-009
  +9.92184866052756736286e-009
  +9.91899824394734206219e-009
  +9.92182769347390307757e-009
  +9.91902096840095225752e-009
  +9.92180678355644258519e-009
  +9.91904315622824388616e-009
  +9.92178606783946337200e-009
  +9.91906492310862235994e-009
  +9.92176563178210306559e-009
  +9.91908635324222332691e-009
  +9.92174554475343678981e-009
  +9.91910752725113494057e-009
  +9.92172588456628190179e-009
  +9.91912854741886541435e-009
  +9.92170676793529509154e-009
  +9.91914957817470128908e-009
  +9.92168840892006033129e-009
  +9.91917093707309939848e-009
  +9.92167126818147919524e-009
  +9.91919335208141201612e-009
  +9.92165652213506943066e-009
  +9.91921887585935220116e-009
  +9.92164799832386380613e-009
  +9.91925545239691022563e-009
  +9.92166473975509442676e-009
  +9.91936100922223196334e-009
  +9.92199178574465566715e-009
  +9.93041874011306307064e-009
  +2.16952809994181261555e-001
  +2.16952621305096959858e-001
  +2.16952911187030916818e-001
  +2.16953048502348116999e-001
  +2.16953128586420324053e-001
  +2.16953181019299529142e-001
  +2.16953217975781376126e-001
  +2.16953245382404263930e-001
  +2.16953266467180244659e-001
  +2.16953283135877361687e-001
  +2.16953296583571042522e-001
  +2.16953307595096206439e-001
  +2.16953316704507320756e-001
  +2.16953324285023563256e-001
  +2.16953330602295046958e-001
  +2.16953335847181960627e-001
  +2.16953340156508051040e-001
  +2.16953343626424627333e-001
  +2.16953346321011153464e-001
  +2.16953348277632990238e-001
  +2.16953349509921789018e-001
  +2.16953350008837642093e-001
  +2.16953349741963730235e-001
  +2.16953348650937682951e-001
  +2.16953346646623024263e-001
  +2.16953343601254372564e-001
  +2.16953339336193512521e-001
  +2.16953333602944942182e-001
  +2.16953326053302475440e-001
  +2.16953316191154321757e-001
  +2.16953303291785193352e-001
  +2.16953286260328476187e-001
  +2.16953263368597215610e-001
  +2.16953231728473971973e-001
  +2.16953186133121422863e-001
  +2.16953116159793041318e-001
  +2.16952997478254749897e-001
  +2.16952757085929814895e-001
  +2.16952029978072419292e-001
  +2.00110243875322134366e-002
</dep>
<dep Vi.Vt time>
  +1.65000000000000035527e+000
  +3.29999151936302670407e+000
  +3.29999574643715387623e+000
  +3.29999714948942513004e+000
  +3.29999784643807014817e+000
  +3.29999826083312353120e+000
  +3.29999853382800933943e+000
  +3.29999872588919451744e+000
  +3.29999886722302493425e+000
  +3.29999897458407831508e+000
  +3.29999905799784887250e+000
  +3.29999912381580751131e+000
  +3.29999917624211969169e+000
  +3.29999921815479835274e+000
  +3.29999925157384721430e+000
  +3.29999927794084690902e+000
  +3.29999929829213556332e+000
  +3.29999931336894158918e+000
  +3.29999932368841086827e+000
  +3.29999932958917430170e+000
  +3.29999933125935474010e+000
  +3.29999932875147505840e+000
  +3.29999932198654777338e+000
  +3.29999931074791641450e+000
  +3.29999929466396801914e+000
  +3.29999927317705887830e+000
  +3.29999924549362821935e+000
  +3.29999921050668554301e+000
  +3.29999916667543091719e+000
  +3.29999911183513416901e+000
  +3.29999904288817935694e+000
  +3.29999895528236519837e+000
  +3.29999884208602667357e+000
  +3.29999869224540010038e+000
  +3.29999848703765108482e+000
  +3.29999819208863254261e+000
  +3.29999773678544450206e+000
  +3.29999694957119782401e+000
  +3.29999527755318311506e+000
  +3.29998940316738620382e+000
  +4.23609248545645357756e-005
  +7.07042895968480137464e-006
  +3.87025604289782318435e-006
  +2.67581083294922850851e-006
  +2.05453199597085359868e-006
  +1.67586115651699972540e-006
  +1.42253280975806594560e-006
  +1.24245654069200968384e-006
  +1.10897868696750376283e-006
  +1.00706091712976508745e-006
  +9.27589713753374477123e-007
  +8.64735078915431637503e-007
  +8.14609065933778395130e-007
  +7.74535024465855363729e-007
  +7.42626744190916059096e-007
  +7.17535064848669884574e-007
  +6.98289969150835479472e-007
  +6.84199762562539073874e-007
  +6.74785998164869997573e-007
  +6.69741919721530444554e-007
  +6.68907351038597330906e-007
  +6.72256070004457507994e-007
  +6.79893772825021849848e-007
  +6.92066333282670420601e-007
  +7.09179574200666067163e-007
  +7.31833604459132362752e-007
  +7.60877371465775755033e-007
  +7.97493251211657191990e-007
  +8.43328718251232754832e-007
  +9.00705308394989141718e-007
  +9.72960543291299245761e-007
  +1.06503045194908559090e-006
  +1.18449379890573063684e-006
  +1.34356728662967609550e-006
  +1.56324005930229617545e-006
  +1.88280261818342918578e-006
  +2.38525892258013849645e-006
  +3.28138375670701965686e-006
  +5.30899791849131445082e-006
  +1.41250016612983007175e-005
  +3.29997881689792738058e+000
  +3.29999393635658444524e+000
  +3.29999644886679321942e+000
  +3.29999747811958865640e+000
  +3.29999803532258617622e+000
  +3.29999838260883571195e+000
  +3.29999861824929174858e+000
  +3.29999878736811647073e+000
  +3.29999891357504049338e+000
  +3.29999901040624088466e+000
  +3.29999908616403914152e+000
  +3.29999914620864354120e+000
  +3.29999919414013254126e+000
  +3.29999923245020143625e+000
  +3.29999926290119072192e+000
  +3.29999928675603593220e+000
  +3.29999930492240256541e+000
  +3.29999931804501800414e+000
  +3.29999932656526917540e+000
  +3.29999933075902962543e+000
  +3.29999933075902962543e+000
  +3.29999932656526917540e+000
  +3.29999931804501800414e+000
  +3.29999930492240256541e+000
  +3.29999928675603593220e+000
  +3.29999926290119072192e+000
  +3.29999923245020143625e+000
  +3.29999919414013254126e+000
  +3.29999914620864354120e+000
  +3.29999908616403914152e+000
  +3.29999901040624088466e+000
  +3.29999891357504049338e+000
  +3.29999878736811647073e+000
  +3.29999861824929174858e+000
  +3.29999838260883571195e+000
  +3.29999803532258617622e+000
  +3.29999747811958865640e+000
  +3.29999644886679321942e+000
  +3.29999393635658444524e+000
  +3.29997881689792738058e+000
  +1.41250016612984091377e-005
  +5.30899791849131445082e-006
  +3.28138375670701965686e-006
  +2.38525892258013849645e-006
  +1.88280261818342918578e-006
  +1.56324005930229617545e-006
  +1.34356728662967609550e-006
  +1.18449379890573063684e-006
  +1.06503045194908559090e-006
  +9.72960543291299245761e-007
  +9.00705308394989141718e-007
  +8.43328718251232754832e-007
  +7.97493251211657191990e-007
  +7.60877371465775755033e-007
  +7.31833604459132362752e-007
  +7.09179574200666067163e-007
  +6.92066333282670420601e-007
  +6.79893772825021849848e-007
  +6.72256070004457507994e-007
  +6.68907351038597330906e-007
  +6.69741919721530444554e-007
  +6.74785998164869997573e-007
  +6.84199762562539073874e-007
  +6.98289969150835479472e-007
  +7.17535064848669884574e-007
  +7.42626744190916059096e-007
  +7.74535024465855363729e-007
  +8.14609065933778395130e-007
  +8.64735078915431637503e-007
  +9.27589713753374477123e-007
  +1.00706091712976508745e-006
  +1.10897868696750376283e-006
  +1.24245654069200968384e-006
  +1.42253280975806594560e-006
  +1.67586115651699972540e-006
  +2.05453199597085359868e-006
  +2.67581083294922850851e-006
  +3.87025604289782318435e-006
  +7.07042895968469295442e-006
  +4.23609248545625842117e-005
  +3.29998940316738620382e+000
  +3.29999527755318311506e+000
  +3.29999694957119782401e+000
  +3.29999773678544450206e+000
  +3.29999819208863254261e+000
  +3.29999848703765108482e+000
  +3.29999869224540010038e+000
  +3.29999884208602667357e+000
  +3.29999895528236519837e+000
  +3.29999904288817935694e+000
  +3.29999911183513416901e+000
  +3.29999916667543091719e+000
  +3.29999921050668554301e+000
  +3.29999924549362821935e+000
  +3.29999927317705887830e+000
  +3.29999929466396801914e+000
  +3.29999931074791641450e+000
  +3.29999932198654777338e+000
  +3.29999932875147505840e+000
  +3.29999933125935474010e+000
  +3.29999932958917430170e+000
  +3.29999932368841086827e+000
  +3.29999931336894158918e+000
  +3.29999929829213556332e+000
  +3.29999927794084690902e+000
  +3.29999925157384721430e+000
  +3.29999921815479835274e+000
  +3.29999917624211969169e+000
  +3.29999912381580751131e+000
  +3.29999905799784887250e+000
  +3.29999897458407831508e+000
  +3.29999886722302493425e+000
  +3.29999872588919451744e+000
  +3.29999853382800933943e+000
  +3.29999826083312353120e+000
  +3.29999784643807014817e+000
  +3.29999714948942513004e+000
  +3.29999574643715387623e+000
  +3.29999151936302670407e+000
  +1.65000000101030019906e+000
</dep>
<dep _net2.Vt time>
  +4.44089209850062616169e-016
  +1.64999151936302679289e+000
  +1.64999574643715396505e+000
  +1.64999714948942521886e+000
  +1.64999784643807023699e+000
  +1.64999826083312362002e+000
  +1.64999853382800942825e+000
  +1.64999872588919460625e+000
  +1.64999886722302502307e+000
  +1.64999897458407840389e+000
  +1.64999905799784896132e+000
  +1.64999912381580760012e+000
  +1.64999917624211978051e+000
  +1.64999921815479844156e+000
  +1.64999925157384730312e+000
  +1.64999927794084699784e+000
  +1.64999929829213565213e+000
  +1.64999931336894167799e+000
  +1.64999932368841095709e+000
  +1.64999932958917439052e+000
  +1.64999933125935482892e+000
  +1.64999932875147514721e+000
  +1.64999932198654786220e+000
  +1.64999931074791650332e+000
  +1.64999929466396810795e+000
  +1.64999927317705896712e+000
  +1.64999924549362830817e+000
  +1.64999921050668563183e+000
  +1.64999916667543100601e+000
  +1.64999911183513425783e+000
  +1.64999904288817944575e+000
  +1.64999895528236528719e+000
  +1.64999884208602676239e+000
  +1.64999869224540018919e+000
  +1.64999848703765117364e+000
  +1.64999819208863263142e+000
  +1.64999773678544459088e+000
  +1.64999694957119791283e+000
  +1.64999527755318320388e+000
  +1.64998940316738629264e+000
  -1.64995763907514536584e+000
  -1.64999292957104026769e+000
  -1.64999612974395692966e+000
  -1.64999732418916700283e+000
  -1.64999794546800404582e+000
  -1.64999832413884339744e+000
  -1.64999857746719014173e+000
  -1.64999875754345914913e+000
  -1.64999889102131302998e+000
  -1.64999899293908280917e+000
  -1.64999907241028620497e+000
  -1.64999913526492103522e+000
  -1.64999918539093393122e+000
  -1.64999922546497534981e+000
  -1.64999925737325581210e+000
  -1.64999928246493499095e+000
  -1.64999930171003073021e+000
  -1.64999931580023728728e+000
  -1.64999932521400172192e+000
  -1.64999933025808021014e+000
  -1.64999933109264884656e+000
  -1.64999932774392998880e+000
  -1.64999932010622707423e+000
  -1.64999930793366655912e+000
  -1.64999929082042573469e+000
  -1.64999926816639552740e+000
  -1.64999923912262835834e+000
  -1.64999920250674869671e+000
  -1.64999915667128171926e+000
  -1.64999909929469157355e+000
  -1.64999902703945666715e+000
  -1.64999893496954785910e+000
  -1.64999881550620108861e+000
  -1.64999865643271337312e+000
  -1.64999843675994051218e+000
  -1.64999811719738165294e+000
  -1.64999761474107731196e+000
  -1.64999671861624319646e+000
  -1.64999469100208151495e+000
  -1.64998587499833870851e+000
  +1.64997881689792746940e+000
  +1.64999393635658453405e+000
  +1.64999644886679330824e+000
  +1.64999747811958874522e+000
  +1.64999803532258626504e+000
  +1.64999838260883580077e+000
  +1.64999861824929183740e+000
  +1.64999878736811655955e+000
  +1.64999891357504058220e+000
  +1.64999901040624097348e+000
  +1.64999908616403923034e+000
  +1.64999914620864363002e+000
  +1.64999919414013263008e+000
  +1.64999923245020152507e+000
  +1.64999926290119081074e+000
  +1.64999928675603602102e+000
  +1.64999930492240265423e+000
  +1.64999931804501809296e+000
  +1.64999932656526926422e+000
  +1.64999933075902971424e+000
  +1.64999933075902971424e+000
  +1.64999932656526926422e+000
  +1.64999931804501809296e+000
  +1.64999930492240265423e+000
  +1.64999928675603602102e+000
  +1.64999926290119081074e+000
  +1.64999923245020152507e+000
  +1.64999919414013263008e+000
  +1.64999914620864363002e+000
  +1.64999908616403923034e+000
  +1.64999901040624097348e+000
  +1.64999891357504058220e+000
  +1.64999878736811655955e+000
  +1.64999861824929183740e+000
  +1.64999838260883580077e+000
  +1.64999803532258626504e+000
  +1.64999747811958874522e+000
  +1.64999644886679330824e+000
  +1.64999393635658453405e+000
  +1.64997881689792746940e+000
  -1.64998587499833870851e+000
  -1.64999469100208151495e+000
  -1.64999671861624319646e+000
  -1.64999761474107731196e+000
  -1.64999811719738165294e+000
  -1.64999843675994051218e+000
  -1.64999865643271337312e+000
  -1.64999881550620108861e+000
  -1.64999893496954785910e+000
  -1.64999902703945666715e+000
  -1.64999909929469157355e+000
  -1.64999915667128171926e+000
  -1.64999920250674869671e+000
  -1.64999923912262835834e+000
  -1.64999926816639552740e+000
  -1.64999929082042573469e+000
  -1.64999930793366655912e+000
  -1.64999932010622707423e+000
  -1.64999932774392998880e+000
  -1.64999933109264884656e+000
  -1.64999933025808021014e+000
  -1.64999932521400172192e+000
  -1.64999931580023728728e+000
  -1.64999930171003073021e+000
  -1.64999928246493499095e+000
  -1.64999925737325581210e+000
  -1.64999922546497534981e+000
  -1.64999918539093393122e+000
  -1.64999913526492103522e+000
  -1.64999907241028620497e+000
  -1.64999899293908280917e+000
  -1.64999889102131302998e+000
  -1.64999875754345914913e+000
  -1.64999857746719014173e+000
  -1.64999832413884339744e+000
  -1.64999794546800404582e+000
  -1.64999732418916700283e+000
  -1.64999612974395692966e+000
  -1.64999292957104026769e+000
  -1.64995763907514536584e+000
  +1.64998940316738629264e+000
  +1.64999527755318320388e+000
  +1.64999694957119791283e+000
  +1.64999773678544459088e+000
  +1.64999819208863263142e+000
  +1.64999848703765117364e+000
  +1.64999869224540018919e+000
  +1.64999884208602676239e+000
  +1.64999895528236528719e+000
  +1.64999904288817944575e+000
  +1.64999911183513425783e+000
  +1.64999916667543100601e+000
  +1.64999921050668563183e+000
  +1.64999924549362830817e+000
  +1.64999927317705896712e+000
  +1.64999929466396810795e+000
  +1.64999931074791650332e+000
  +1.64999932198654786220e+000
  +1.64999932875147514721e+000
  +1.64999933125935482892e+000
  +1.64999932958917439052e+000
  +1.64999932368841095709e+000
  +1.64999931336894167799e+000
  +1.64999929829213565213e+000
  +1.64999927794084699784e+000
  +1.64999925157384730312e+000
  +1.64999921815479844156e+000
  +1.64999917624211978051e+000
  +1.64999912381580760012e+000
  +1.64999905799784896132e+000
  +1.64999897458407840389e+000
  +1.64999886722302502307e+000
  +1.64999872588919460625e+000
  +1.64999853382800942825e+000
  +1.64999826083312362002e+000
  +1.64999784643807023699e+000
  +1.64999714948942521886e+000
  +1.64999574643715396505e+000
  +1.64999151936302679289e+000
  +1.01030028787363335141e-009
</dep>
<dep _net1.Vt time>
  +4.44089209850062596074e-022
  +1.30106699922336171982e-001
  +2.59403170895963763876e-001
  +3.87084229607408403240e-001
  +5.12354752592378503984e-001
  +6.34434627802817896480e-001
  +7.52563612691576344638e-001
  +8.66006068561372743808e-001
  +9.74055541695271753788e-001
  +1.07603916274005784182e+000
  +1.17132183694569924626e+000
  +1.25931019916652786605e+000
  +1.33945630899468426378e+000
  +1.41126106301467957316e+000
  +1.47427730292954217717e+000
  +1.52811260020293793183e+000
  +1.57243169987613451433e+000
  +1.60695860834113735116e+000
  +1.63147831206855431496e+000
  +1.64583811658695888802e+000
  +1.64994859737535781719e+000
  +1.64378415674716094053e+000
  +1.62738318325770436878e+000
  +1.60084781264262732137e+000
  +1.56434329177584063864e+000
  +1.51809694960798791108e+000
  +1.46239678149379437322e+000
  +1.39758965572429327828e+000
  +1.32407915343260351726e+000
  +1.24232305532507214529e+000
  +1.15283049088895572787e+000
  +1.05615876782972684111e+000
  +9.52909901482421162200e-001
  +8.43726865809839021715e-001
  +7.29289589334205512472e-001
  +6.10310720937302320088e-001
  +4.87531191897205562480e-001
  +3.61715601798690611357e-001
  +2.33647457051170098774e-001
  +1.04124291665912152571e-001
  -2.60472993225010773788e-002
  -1.56056682861494266934e-001
  -2.85094236032264358727e-001
  -4.12356387911008925862e-001
  -5.37050623741848753845e-001
  -6.58400420258361984693e-001
  -7.75650081419404502370e-001
  -8.88069444445076294770e-001
  -9.94958426846364152318e-001
  -1.09565138613221169095e+000
  -1.18952126504428168374e+000
  -1.27598349650530962229e+000
  -1.35449964396328303984e+000
  -1.42458075446151788412e+000
  -1.48579040355364000447e+000
  -1.53774741310151763507e+000
  -1.58012822503128358420e+000
  -1.61266891626506692070e+000
  -1.63516684228060693584e+000
  -1.64748189906362485502e+000
  -1.64953739559423850913e+000
  -1.64132053143408374041e+000
  -1.62288247644001026870e+000
  -1.59433805210793577700e+000
  -1.55586501653127107225e+000
  -1.50770295742677085116e+000
  -1.45015180012140953991e+000
  -1.38356993979167319786e+000
  -1.30837200958658450567e+000
  -1.22502629853331668208e+000
  -1.13405183530515407675e+000
  -1.03601515601241689346e+000
  -9.31526776144664725443e-001
  -8.21237388634877718552e-001
  -7.05833811721845671983e-001
  -5.86034711845155986687e-001
  -4.62586128208073654733e-001
  -3.36256826878751580168e-001
  -2.07833513361735250369e-001
  -7.81159334530697746501e-002
  +5.20881071119375510525e-002
  +1.81967773203604715748e-001
  +3.10714249708034684350e-001
  +4.37525778357819306041e-001
  +5.61612650616786446278e-001
  +6.82202125526020775048e-001
  +7.98543241885684151882e-001
  +9.09911494805126896956e-001
  +1.01561334749849474512e+000
  +1.11499055022895410261e+000
  +1.20742423950567601132e+000
  +1.29233879200616796901e+000
  +1.36920540922394695649e+000
  +1.43754541051845885491e+000
  +1.49693321406004420382e+000
  +1.54699898710636118970e+000
  +1.58743094910586379775e+000
  +1.61797731328596672284e+000
  +1.63844785463480491217e+000
  +1.64871509451210473962e+000
  +1.64871509451210473962e+000
  +1.63844785463480469012e+000
  +1.61797731328596650080e+000
  +1.58743094910586357571e+000
  +1.54699898710636141175e+000
  +1.49693321406004486995e+000
  +1.43754541051845929900e+000
  +1.36920540922394740058e+000
  +1.29233879200616952332e+000
  +1.20742423950567556723e+000
  +1.11499055022895365852e+000
  +1.01561334749849541126e+000
  +9.09911494805127785135e-001
  +7.98543241885685040060e-001
  +6.82202125526020330959e-001
  +5.61612650616786002189e-001
  +4.37525778357820305242e-001
  +3.10714249708035683550e-001
  +1.81967773203605714949e-001
  +5.20881071119371069633e-002
  -7.81159334530702326171e-002
  -2.07833513361735694458e-001
  -3.36256826878752024257e-001
  -4.62586128208074098822e-001
  -5.86034711845156430776e-001
  -7.05833811721844783804e-001
  -8.21237388634878051619e-001
  -9.31526776144665169532e-001
  -1.03601515601241600528e+000
  -1.13405183530515318857e+000
  -1.22502629853331601595e+000
  -1.30837200958658494976e+000
  -1.38356993979167253173e+000
  -1.45015180012140909582e+000
  -1.50770295742676974093e+000
  -1.55586501653127018407e+000
  -1.59433805210793599905e+000
  -1.62288247644001026870e+000
  -1.64132053143408396245e+000
  -1.64953739559423873118e+000
  -1.64748189906362485502e+000
  -1.63516684228060715789e+000
  -1.61266891626506714275e+000
  -1.58012822503128336216e+000
  -1.53774741310151741303e+000
  -1.48579040355364044856e+000
  -1.42458075446151921639e+000
  -1.35449964396328437211e+000
  -1.27598349650530940025e+000
  -1.18952126504428234988e+000
  -1.09565138613221035868e+000
  -9.94958426846363153118e-001
  -8.88069444445075961703e-001
  -7.75650081419405390548e-001
  -6.58400420258363650028e-001
  -5.37050623741848309756e-001
  -4.12356387911011312841e-001
  -2.85094236032261749703e-001
  -1.56056682861492351799e-001
  -2.60472993224998908279e-002
  +1.04124291665911875016e-001
  +2.33647457051169821218e-001
  +3.61715601798692498736e-001
  +4.87531191897206728214e-001
  +6.10310720937302653155e-001
  +7.29289589334205290427e-001
  +8.43726865809838133536e-001
  +9.52909901482422272423e-001
  +1.05615876782972728520e+000
  +1.15283049088895550582e+000
  +1.24232305532507147916e+000
  +1.32407915343260262908e+000
  +1.39758965572429327828e+000
  +1.46239678149379415117e+000
  +1.51809694960798746699e+000
  +1.56434329177584019455e+000
  +1.60084781264262687728e+000
  +1.62738318325770436878e+000
  +1.64378415674716094053e+000
  +1.64994859737535781719e+000
  +1.64583811658695911007e+000
  +1.63147831206855453701e+000
  +1.60695860834113801729e+000
  +1.57243169987613518046e+000
  +1.52811260020293859796e+000
  +1.47427730292954062286e+000
  +1.41126106301467824089e+000
  +1.33945630899468315356e+000
  +1.25931019916652719992e+000
  +1.17132183694569902421e+000
  +1.07603916274005806386e+000
  +9.74055541695270310498e-001
  +8.66006068561371744607e-001
  +7.52563612691576011571e-001
  +6.34434627802818118525e-001
  +5.12354752592379614207e-001
  +3.87084229607407237506e-001
  +2.59403170895963375298e-001
  +1.30106699922336449537e-001
  +1.01030028787363333395e-015
</dep>
<dep _net0.Vt time>
  +5.00000000000000000000e+000
  +5.00000000000000000000e+000
  +5.00000000000000000000e+000
  +5.00000000000000000000e+000
  +5.00000000000000000000e+000
  +5.00000000000000000000e+000
  +5.00000000000000000000e+000
  +5.00000000000000000000e+000
  +5.00000000000000000000e+000
  +5.00000000000000000000e+000
  +5.00000000000000000000e+000
  +5.00000000000000000000e+000
  +5.00000000000000000000e+000
  +5.00000000000000000000e+000
  +5.00000000000000000000e+000
  +5.00000000000000000000e+000
  +5.00000000000000000000e+000
  +5.00000000000000000000e+000
  +5.00000000000000000000e+000
  +5.00000000000000000000e+000
  +5.00000000000000000000e+000
  +5.00000000000000000000e+000
  +5.00000000000000000000e+000
  +5.00000000000000000000e+000
  +5.00000000000000000000e+000
  +5.00000000000000000000e+000
  +5.00000000000000000000e+000
  +5.00000000000000000000e+000
  +5.00000000000000000000e+000
  +5.00000000000000000000e+000
  +5.00000000000000000000e+000
  +5.00000000000000000000e+000
  +5.00000000000000000000e+000
  +5.00000000000000000000e+000
  +5.00000000000000000000e+000
  +5.00000000000000000000e+000
  +5.00000000000000000000e+000
  +5.00000000000000000000e+000
  +5.00000000000000000000e+000
  +5.00000000000000000000e+000
  +5.00000000000000000000e+000
  +5.00000000000000000000e+000
  +5.00000000000000000000e+000
  +5.00000000000000000000e+000
  +5.00000000000000000000e+000
  +5.00000000000000000000e+000
  +5.00000000000000000000e+000
  +5.00000000000000000000e+000
  +5.00000000000000000000e+000
  +5.00000000000000000000e+000
  +5.00000000000000000000e+000
  +5.00000000000000000000e+000
  +5.00000000000000000000e+000
  +5.00000000000000000000e+000
  +5.00000000000000000000e+000
  +5.00000000000000000000e+000
  +5.00000000000000000000e+000
  +5.00000000000000000000e+000
  +5.00000000000000000000e+000
  +5.00000000000000000000e+000
  +5.00000000000000000000e+000
  +5.00000000000000000000e+000
  +5.00000000000000000000e+000
  +5.00000000000000000000e+000
  +5.00000000000000000000e+000
  +5.00000000000000000000e+000
  +5.00000000000000000000e+000
  +5.00000000000000000000e+000
  +5.00000000000000000000e+000
  +5.00000000000000000000e+000
  +5.00000000000000000000e+000
  +5.00000000000000000000e+000
  +5.00000000000000000000e+000
  +5.00000000000000000000e+000
  +5.00000000000000000000e+000
  +5.00000000000000000000e+000
  +5.00000000000000000000e+000
  +5.00000000000000000000e+000
  +5.00000000000000000000e+000
  +5.00000000000000000000e+000
  +5.00000000000000000000e+000
  +5.00000000000000000000e+000
  +5.00000000000000000000e+000
  +5.00000000000000000000e+000
  +5.00000000000000000000e+000
  +5.00000000000000000000e+000
  +5.00000000000000000000e+000
  +5.00000000000000000000e+000
  +5.00000000000000000000e+000
  +5.00000000000000000000e+000
  +5.00000000000000000000e+000
  +5.00000000000000000000e+000
  +5.00000000000000000000e+000
  +5.00000000000000000000e+000
  +5.00000000000000000000e+000
  +5.00000000000000000000e+000
  +5.00000000000000000000e+000
  +5.00000000000000000000e+000
  +5.00000000000000000000e+000
  +5.00000000000000000000e+000
  +5.00000000000000000000e+000
  +5.00000000000000000000e+000
  +5.00000000000000000000e+000
  +5.00000000000000000000e+000
  +5.00000000000000000000e+000
  +5.00000000000000000000e+000
  +5.00000000000000000000e+000
  +5.00000000000000000000e+000
  +5.00000000000000000000e+000
  +5.00000000000000000000e+000
  +5.00000000000000000000e+000
  +5.00000000000000000000e+000
  +5.00000000000000000000e+000
  +5.00000000000000000000e+000
  +5.00000000000000000000e+000
  +5.00000000000000000000e+000
  +5.00000000000000000000e+000
  +5.00000000000000000000e+000
  +5.00000000000000000000e+000
  +5.00000000000000000000e+000
  +5.00000000000000000000e+000
  +5.00000000000000000000e+000
  +5.00000000000000000000e+000
  +5.00000000000000000000e+000
  +5.00000000000000000000e+000
  +5.00000000000000000000e+000
  +5.00000000000000000000e+000
  +5.00000000000000000000e+000
  +5.00000000000000000000e+000
  +5.00000000000000000000e+000
  +5.00000000000000000000e+000
  +5.00000000000000000000e+000
  +5.00000000000000000000e+000
  +5.00000000000000000000e+000
  +5.00000000000000000000e+000
  +5.00000000000000000000e+000
  +5.00000000000000000000e+000
  +5.00000000000000000000e+000
  +5.00000000000000000000e+000
  +5.00000000000000000000e+000
  +5.00000000000000000000e+000
  +5.00000000000000000000e+000
  +5.00000000000000000000e+000
  +5.00000000000000000000e+000
  +5.00000000000000000000e+000
  +5.00000000000000000000e+000
  +5.00000000000000000000e+000
  +5.00000000000000000000e+000
  +5.00000000000000000000e+000
  +5.00000000000000000000e+000
  +5.00000000000000000000e+000
  +5.00000000000000000000e+000
  +5.00000000000000000000e+000
  +5.00000000000000000000e+000
  +5.00000000000000000000e+000
  +5.00000000000000000000e+000
  +5.00000000000000000000e+000
  +5.00000000000000000000e+000
  +5.00000000000000000000e+000
  +5.00000000000000000000e+000
  +5.00000000000000000000e+000
  +5.00000000000000000000e+000
  +5.00000000000000000000e+000
  +5.00000000000000000000e+000
  +5.00000000000000000000e+000
  +5.00000000000000000000e+000
  +5.00000000000000000000e+000
  +5.00000000000000000000e+000
  +5.00000000000000000000e+000
  +5.00000000000000000000e+000
  +5.00000000000000000000e+000
  +5.00000000000000000000e+000
  +5.00000000000000000000e+000
  +5.00000000000000000000e+000
  +5.00000000000000000000e+000
  +5.00000000000000000000e+000
  +5.00000000000000000000e+000
  +5.00000000000000000000e+000
  +5.00000000000000000000e+000
  +5.00000000000000000000e+000
  +5.00000000000000000000e+000
  +5.00000000000000000000e+000
  +5.00000000000000000000e+000
  +5.00000000000000000000e+000
  +5.00000000000000000000e+000
  +5.00000000000000000000e+000
  +5.00000000000000000000e+000
  +5.00000000000000000000e+000
  +5.00000000000000000000e+000
  +5.00000000000000000000e+000
  +5.00000000000000000000e+000
  +5.00000000000000000000e+000
  +5.00000000000000000000e+000
  +5.00000000000000000000e+000
  +5.00000000000000000000e+000
  +5.00000000000000000000e+000
  +5.00000000000000000000e+000
  +5.00000000000000000000e+000
  +5.00000000000000000000e+000
  +5.00000000000000000000e+000
</dep>
<indep VCC.I 1>
  -3.97083931215975935301e-006
</indep>
<indep V1.I 1>
  +0.00000000000000000000e+000
</indep>
<indep V2.I 1>
  +0.00000000000000000000e+000
</indep>
<indep Vo.V 1>
  +1.98541965581185211875e-002
</indep>
<indep Vi.V 1>
  +1.64999999999999991118e+000
</indep>
<indep _net2.V 1>
  +0.00000000000000000000e+000
</indep>
<indep _net1.V 1>
  +0.00000000000000000000e+000
</indep>
<indep _net0.V 1>
  +5.00000000000000000000e+000
</indep>
